0.000000000000000000e+00 0.000000000000000000e+00
1.000000000000000000e+00 7.252499999999999503e-01
2.000000000000000000e+00 7.544999999999999485e-01
3.000000000000000000e+00 7.407500000000000195e-01
4.000000000000000000e+00 7.657500000000000417e-01
5.000000000000000000e+00 7.650000000000000133e-01
6.000000000000000000e+00 7.692499999999999893e-01
7.000000000000000000e+00 7.694999999999999618e-01
8.000000000000000000e+00 7.690000000000000169e-01
9.000000000000000000e+00 7.607500000000000373e-01
1.000000000000000000e+01 7.674999999999999600e-01
1.100000000000000000e+01 7.700000000000000178e-01
1.200000000000000000e+01 7.684999999999999609e-01
1.300000000000000000e+01 7.697500000000000453e-01
1.400000000000000000e+01 7.650000000000000133e-01
1.500000000000000000e+01 7.880000000000000338e-01
1.600000000000000000e+01 7.947499999999999565e-01
1.700000000000000000e+01 7.907499999999999529e-01
1.800000000000000000e+01 7.922500000000000098e-01
1.900000000000000000e+01 7.952500000000000124e-01
2.000000000000000000e+01 7.840000000000000302e-01
2.100000000000000000e+01 8.030000000000000471e-01
2.200000000000000000e+01 8.000000000000000444e-01
2.300000000000000000e+01 8.012500000000000178e-01
2.400000000000000000e+01 8.030000000000000471e-01
2.500000000000000000e+01 8.007499999999999618e-01
2.600000000000000000e+01 7.967499999999999583e-01
2.700000000000000000e+01 7.967499999999999583e-01
2.800000000000000000e+01 8.007499999999999618e-01
2.900000000000000000e+01 7.997499999999999609e-01
3.000000000000000000e+01 7.817499999999999449e-01
3.100000000000000000e+01 7.964999999999999858e-01
3.200000000000000000e+01 8.077499999999999680e-01
3.300000000000000000e+01 7.932500000000000107e-01
3.400000000000000000e+01 8.004999999999999893e-01
3.500000000000000000e+01 7.934999999999999831e-01
3.600000000000000000e+01 7.974999999999999867e-01
3.700000000000000000e+01 7.912500000000000089e-01
3.800000000000000000e+01 8.067499999999999671e-01
3.900000000000000000e+01 8.047499999999999654e-01
4.000000000000000000e+01 7.847499999999999476e-01
4.100000000000000000e+01 7.977499999999999591e-01
4.200000000000000000e+01 7.990000000000000435e-01
4.300000000000000000e+01 8.044999999999999929e-01
4.400000000000000000e+01 7.910000000000000364e-01
4.500000000000000000e+01 7.994999999999999885e-01
4.600000000000000000e+01 7.964999999999999858e-01
4.700000000000000000e+01 8.007499999999999618e-01
4.800000000000000000e+01 7.964999999999999858e-01
4.900000000000000000e+01 8.077499999999999680e-01
5.000000000000000000e+01 8.002500000000000169e-01
5.100000000000000000e+01 8.040000000000000480e-01
5.200000000000000000e+01 7.954999999999999849e-01
5.300000000000000000e+01 7.837499999999999467e-01
5.400000000000000000e+01 7.970000000000000417e-01
5.500000000000000000e+01 8.159999999999999476e-01
5.600000000000000000e+01 8.092500000000000249e-01
5.700000000000000000e+01 8.459999999999999742e-01
5.800000000000000000e+01 8.539999999999999813e-01
5.900000000000000000e+01 8.532499999999999529e-01
6.000000000000000000e+01 8.557500000000000107e-01
6.100000000000000000e+01 8.535000000000000364e-01
6.200000000000000000e+01 8.679999999999999938e-01
6.300000000000000000e+01 8.545000000000000373e-01
6.400000000000000000e+01 8.562499999999999556e-01
6.500000000000000000e+01 8.609999999999999876e-01
6.600000000000000000e+01 8.622499999999999609e-01
6.700000000000000000e+01 8.625000000000000444e-01
6.800000000000000000e+01 8.502499999999999503e-01
6.900000000000000000e+01 8.457500000000000018e-01
7.000000000000000000e+01 8.539999999999999813e-01
7.100000000000000000e+01 8.542499999999999538e-01
7.200000000000000000e+01 8.569999999999999840e-01
7.300000000000000000e+01 8.595000000000000417e-01
7.400000000000000000e+01 8.699999999999999956e-01
7.500000000000000000e+01 8.575000000000000400e-01
7.600000000000000000e+01 8.619999999999999885e-01
7.700000000000000000e+01 8.605000000000000426e-01
7.800000000000000000e+01 8.565000000000000391e-01
7.900000000000000000e+01 8.489999999999999769e-01
8.000000000000000000e+01 8.627500000000000169e-01
8.100000000000000000e+01 8.742499999999999716e-01
8.200000000000000000e+01 1.000000000000000000e+00
8.300000000000000000e+01 1.000000000000000000e+00
8.400000000000000000e+01 1.000000000000000000e+00
8.500000000000000000e+01 1.000000000000000000e+00
8.600000000000000000e+01 1.000000000000000000e+00
8.700000000000000000e+01 1.000000000000000000e+00
8.800000000000000000e+01 1.000000000000000000e+00
8.900000000000000000e+01 1.000000000000000000e+00
9.000000000000000000e+01 1.000000000000000000e+00
9.100000000000000000e+01 1.000000000000000000e+00
9.200000000000000000e+01 9.997500000000000275e-01
9.300000000000000000e+01 1.000000000000000000e+00
9.400000000000000000e+01 1.000000000000000000e+00
9.500000000000000000e+01 1.000000000000000000e+00
9.600000000000000000e+01 9.997500000000000275e-01
9.700000000000000000e+01 1.000000000000000000e+00
9.800000000000000000e+01 9.995000000000000551e-01
9.900000000000000000e+01 1.000000000000000000e+00
1.000000000000000000e+02 9.997500000000000275e-01
1.010000000000000000e+02 1.000000000000000000e+00
1.020000000000000000e+02 9.997500000000000275e-01
1.030000000000000000e+02 1.000000000000000000e+00
1.040000000000000000e+02 9.997500000000000275e-01
1.050000000000000000e+02 1.000000000000000000e+00
1.060000000000000000e+02 1.000000000000000000e+00
1.070000000000000000e+02 9.997500000000000275e-01
1.080000000000000000e+02 9.997500000000000275e-01
1.090000000000000000e+02 1.000000000000000000e+00
1.100000000000000000e+02 9.997500000000000275e-01
1.110000000000000000e+02 9.997500000000000275e-01
1.120000000000000000e+02 9.997500000000000275e-01
1.130000000000000000e+02 1.000000000000000000e+00
1.140000000000000000e+02 1.000000000000000000e+00
1.150000000000000000e+02 9.997500000000000275e-01
1.160000000000000000e+02 9.995000000000000551e-01
1.170000000000000000e+02 9.997500000000000275e-01
1.180000000000000000e+02 1.000000000000000000e+00
1.190000000000000000e+02 9.997500000000000275e-01
1.200000000000000000e+02 1.000000000000000000e+00
1.210000000000000000e+02 1.000000000000000000e+00
1.220000000000000000e+02 1.000000000000000000e+00
1.230000000000000000e+02 9.997500000000000275e-01
1.240000000000000000e+02 9.997500000000000275e-01
1.250000000000000000e+02 9.997500000000000275e-01
1.260000000000000000e+02 9.997500000000000275e-01
1.270000000000000000e+02 1.000000000000000000e+00
1.280000000000000000e+02 1.000000000000000000e+00
1.290000000000000000e+02 1.000000000000000000e+00
1.300000000000000000e+02 1.000000000000000000e+00
1.310000000000000000e+02 1.000000000000000000e+00
1.320000000000000000e+02 9.992499999999999716e-01
1.330000000000000000e+02 9.997500000000000275e-01
1.340000000000000000e+02 9.997500000000000275e-01
1.350000000000000000e+02 9.997500000000000275e-01
1.360000000000000000e+02 9.995000000000000551e-01
1.370000000000000000e+02 1.000000000000000000e+00
1.380000000000000000e+02 9.997500000000000275e-01
1.390000000000000000e+02 9.997500000000000275e-01
1.400000000000000000e+02 1.000000000000000000e+00
1.410000000000000000e+02 9.997500000000000275e-01
1.420000000000000000e+02 1.000000000000000000e+00
1.430000000000000000e+02 9.997500000000000275e-01
1.440000000000000000e+02 1.000000000000000000e+00
1.450000000000000000e+02 9.995000000000000551e-01
1.460000000000000000e+02 9.992499999999999716e-01
1.470000000000000000e+02 1.000000000000000000e+00
1.480000000000000000e+02 1.000000000000000000e+00
1.490000000000000000e+02 9.997500000000000275e-01
