0.000000000000000000e+00 0.000000000000000000e+00
1.000000000000000000e+00 6.999999999999999556e-01
2.000000000000000000e+00 7.287500000000000089e-01
3.000000000000000000e+00 7.049999999999999600e-01
4.000000000000000000e+00 7.530000000000000027e-01
5.000000000000000000e+00 7.624999999999999556e-01
6.000000000000000000e+00 7.580000000000000071e-01
7.000000000000000000e+00 7.634999999999999565e-01
8.000000000000000000e+00 7.524999999999999467e-01
9.000000000000000000e+00 7.467500000000000249e-01
1.000000000000000000e+01 7.597500000000000364e-01
1.100000000000000000e+01 7.660000000000000142e-01
1.200000000000000000e+01 7.612499999999999822e-01
1.300000000000000000e+01 7.610000000000000098e-01
1.400000000000000000e+01 7.560000000000000053e-01
1.500000000000000000e+01 7.704999999999999627e-01
1.600000000000000000e+01 7.754999999999999671e-01
1.700000000000000000e+01 7.684999999999999609e-01
1.800000000000000000e+01 7.797500000000000542e-01
1.900000000000000000e+01 7.787500000000000533e-01
2.000000000000000000e+01 7.697500000000000453e-01
2.100000000000000000e+01 7.810000000000000275e-01
2.200000000000000000e+01 7.822500000000000009e-01
2.300000000000000000e+01 7.830000000000000293e-01
2.400000000000000000e+01 7.847499999999999476e-01
2.500000000000000000e+01 7.770000000000000240e-01
2.600000000000000000e+01 7.840000000000000302e-01
2.700000000000000000e+01 7.814999999999999725e-01
2.800000000000000000e+01 7.842500000000000027e-01
2.900000000000000000e+01 7.764999999999999680e-01
3.000000000000000000e+01 7.744999999999999662e-01
3.100000000000000000e+01 7.767500000000000515e-01
3.200000000000000000e+01 7.834999999999999742e-01
3.300000000000000000e+01 7.752499999999999947e-01
3.400000000000000000e+01 7.830000000000000293e-01
3.500000000000000000e+01 7.680000000000000160e-01
3.600000000000000000e+01 7.734999999999999654e-01
3.700000000000000000e+01 7.747500000000000497e-01
3.800000000000000000e+01 7.852500000000000036e-01
3.900000000000000000e+01 7.900000000000000355e-01
4.000000000000000000e+01 7.697500000000000453e-01
4.100000000000000000e+01 7.787500000000000533e-01
4.200000000000000000e+01 7.762499999999999956e-01
4.300000000000000000e+01 7.732499999999999929e-01
4.400000000000000000e+01 7.724999999999999645e-01
4.500000000000000000e+01 7.790000000000000258e-01
4.600000000000000000e+01 7.767500000000000515e-01
4.700000000000000000e+01 7.752499999999999947e-01
4.800000000000000000e+01 7.787500000000000533e-01
4.900000000000000000e+01 7.920000000000000373e-01
5.000000000000000000e+01 7.772499999999999964e-01
5.100000000000000000e+01 7.802499999999999991e-01
5.200000000000000000e+01 7.772499999999999964e-01
5.300000000000000000e+01 7.607500000000000373e-01
5.400000000000000000e+01 7.707500000000000462e-01
5.500000000000000000e+01 7.900000000000000355e-01
5.600000000000000000e+01 7.802499999999999991e-01
5.700000000000000000e+01 8.897500000000000409e-01
5.800000000000000000e+01 8.842499999999999805e-01
5.900000000000000000e+01 8.844999999999999529e-01
6.000000000000000000e+01 8.900000000000000133e-01
6.100000000000000000e+01 8.934999999999999609e-01
6.200000000000000000e+01 8.964999999999999636e-01
6.300000000000000000e+01 8.910000000000000142e-01
6.400000000000000000e+01 8.864999999999999547e-01
6.500000000000000000e+01 8.940000000000000169e-01
6.600000000000000000e+01 8.920000000000000151e-01
6.700000000000000000e+01 8.947500000000000453e-01
6.800000000000000000e+01 8.862499999999999822e-01
6.900000000000000000e+01 8.745000000000000551e-01
7.000000000000000000e+01 8.932499999999999885e-01
7.100000000000000000e+01 8.864999999999999547e-01
7.200000000000000000e+01 8.877500000000000391e-01
7.300000000000000000e+01 8.827500000000000346e-01
7.400000000000000000e+01 8.967500000000000471e-01
7.500000000000000000e+01 8.892499999999999849e-01
7.600000000000000000e+01 8.900000000000000133e-01
7.700000000000000000e+01 8.834999999999999520e-01
7.800000000000000000e+01 8.892499999999999849e-01
7.900000000000000000e+01 8.770000000000000018e-01
8.000000000000000000e+01 8.884999999999999565e-01
8.100000000000000000e+01 8.897500000000000409e-01
8.200000000000000000e+01 1.000000000000000000e+00
8.300000000000000000e+01 1.000000000000000000e+00
8.400000000000000000e+01 1.000000000000000000e+00
8.500000000000000000e+01 1.000000000000000000e+00
8.600000000000000000e+01 1.000000000000000000e+00
8.700000000000000000e+01 1.000000000000000000e+00
8.800000000000000000e+01 1.000000000000000000e+00
8.900000000000000000e+01 1.000000000000000000e+00
9.000000000000000000e+01 1.000000000000000000e+00
9.100000000000000000e+01 1.000000000000000000e+00
9.200000000000000000e+01 9.997500000000000275e-01
9.300000000000000000e+01 1.000000000000000000e+00
9.400000000000000000e+01 1.000000000000000000e+00
9.500000000000000000e+01 1.000000000000000000e+00
9.600000000000000000e+01 1.000000000000000000e+00
9.700000000000000000e+01 1.000000000000000000e+00
9.800000000000000000e+01 9.995000000000000551e-01
9.900000000000000000e+01 1.000000000000000000e+00
1.000000000000000000e+02 1.000000000000000000e+00
1.010000000000000000e+02 1.000000000000000000e+00
1.020000000000000000e+02 9.997500000000000275e-01
1.030000000000000000e+02 1.000000000000000000e+00
1.040000000000000000e+02 1.000000000000000000e+00
1.050000000000000000e+02 9.997500000000000275e-01
1.060000000000000000e+02 1.000000000000000000e+00
1.070000000000000000e+02 9.997500000000000275e-01
1.080000000000000000e+02 9.997500000000000275e-01
1.090000000000000000e+02 1.000000000000000000e+00
1.100000000000000000e+02 9.997500000000000275e-01
1.110000000000000000e+02 9.997500000000000275e-01
1.120000000000000000e+02 1.000000000000000000e+00
1.130000000000000000e+02 9.997500000000000275e-01
1.140000000000000000e+02 1.000000000000000000e+00
1.150000000000000000e+02 9.995000000000000551e-01
1.160000000000000000e+02 9.997500000000000275e-01
1.170000000000000000e+02 9.997500000000000275e-01
1.180000000000000000e+02 9.997500000000000275e-01
1.190000000000000000e+02 9.997500000000000275e-01
1.200000000000000000e+02 9.992499999999999716e-01
1.210000000000000000e+02 1.000000000000000000e+00
1.220000000000000000e+02 1.000000000000000000e+00
1.230000000000000000e+02 9.997500000000000275e-01
1.240000000000000000e+02 9.997500000000000275e-01
1.250000000000000000e+02 9.997500000000000275e-01
1.260000000000000000e+02 9.989999999999999991e-01
1.270000000000000000e+02 9.997500000000000275e-01
1.280000000000000000e+02 1.000000000000000000e+00
1.290000000000000000e+02 9.995000000000000551e-01
1.300000000000000000e+02 9.997500000000000275e-01
1.310000000000000000e+02 9.997500000000000275e-01
1.320000000000000000e+02 9.992499999999999716e-01
1.330000000000000000e+02 9.997500000000000275e-01
1.340000000000000000e+02 9.997500000000000275e-01
1.350000000000000000e+02 9.997500000000000275e-01
1.360000000000000000e+02 9.997500000000000275e-01
1.370000000000000000e+02 1.000000000000000000e+00
1.380000000000000000e+02 9.997500000000000275e-01
1.390000000000000000e+02 9.995000000000000551e-01
1.400000000000000000e+02 9.997500000000000275e-01
1.410000000000000000e+02 1.000000000000000000e+00
1.420000000000000000e+02 1.000000000000000000e+00
1.430000000000000000e+02 9.997500000000000275e-01
1.440000000000000000e+02 1.000000000000000000e+00
1.450000000000000000e+02 9.995000000000000551e-01
1.460000000000000000e+02 9.989999999999999991e-01
1.470000000000000000e+02 9.997500000000000275e-01
1.480000000000000000e+02 9.997500000000000275e-01
1.490000000000000000e+02 1.000000000000000000e+00
