0.000000000000000000e+00 0.000000000000000000e+00
1.000000000000000000e+00 6.999999999999999556e-01
2.000000000000000000e+00 8.155000000000000027e-01
3.000000000000000000e+00 8.137499999999999734e-01
4.000000000000000000e+00 8.104999999999999982e-01
5.000000000000000000e+00 8.157499999999999751e-01
6.000000000000000000e+00 8.090000000000000524e-01
7.000000000000000000e+00 7.984999999999999876e-01
8.000000000000000000e+00 7.880000000000000338e-01
9.000000000000000000e+00 7.810000000000000275e-01
1.000000000000000000e+01 7.907499999999999529e-01
1.100000000000000000e+01 7.664999999999999591e-01
1.200000000000000000e+01 7.800000000000000266e-01
1.300000000000000000e+01 7.957499999999999574e-01
1.400000000000000000e+01 7.974999999999999867e-01
1.500000000000000000e+01 7.807500000000000551e-01
1.600000000000000000e+01 7.974999999999999867e-01
1.700000000000000000e+01 7.880000000000000338e-01
1.800000000000000000e+01 7.872500000000000053e-01
1.900000000000000000e+01 7.924999999999999822e-01
2.000000000000000000e+01 7.902500000000000080e-01
2.100000000000000000e+01 7.960000000000000409e-01
2.200000000000000000e+01 7.900000000000000355e-01
2.300000000000000000e+01 7.930000000000000382e-01
2.400000000000000000e+01 7.930000000000000382e-01
2.500000000000000000e+01 7.940000000000000391e-01
2.600000000000000000e+01 7.912500000000000089e-01
2.700000000000000000e+01 7.990000000000000435e-01
2.800000000000000000e+01 7.827499999999999458e-01
2.900000000000000000e+01 7.920000000000000373e-01
3.000000000000000000e+01 7.997499999999999609e-01
3.100000000000000000e+01 7.930000000000000382e-01
3.200000000000000000e+01 7.974999999999999867e-01
3.300000000000000000e+01 7.944999999999999840e-01
3.400000000000000000e+01 7.850000000000000311e-01
3.500000000000000000e+01 7.772499999999999964e-01
3.600000000000000000e+01 7.884999999999999787e-01
3.700000000000000000e+01 7.877499999999999503e-01
3.800000000000000000e+01 7.822500000000000009e-01
3.900000000000000000e+01 7.890000000000000346e-01
4.000000000000000000e+01 7.872500000000000053e-01
4.100000000000000000e+01 7.822500000000000009e-01
4.200000000000000000e+01 7.870000000000000329e-01
4.300000000000000000e+01 7.872500000000000053e-01
4.400000000000000000e+01 7.867499999999999494e-01
4.500000000000000000e+01 7.862500000000000044e-01
4.600000000000000000e+01 7.877499999999999503e-01
4.700000000000000000e+01 7.982500000000000151e-01
4.800000000000000000e+01 7.877499999999999503e-01
4.900000000000000000e+01 8.030000000000000471e-01
5.000000000000000000e+01 7.977499999999999591e-01
5.100000000000000000e+01 8.007499999999999618e-01
5.200000000000000000e+01 8.057499999999999662e-01
5.300000000000000000e+01 7.942500000000000115e-01
5.400000000000000000e+01 7.852500000000000036e-01
5.500000000000000000e+01 8.004999999999999893e-01
5.600000000000000000e+01 7.927499999999999547e-01
5.700000000000000000e+01 8.000000000000000444e-01
5.800000000000000000e+01 8.007499999999999618e-01
5.900000000000000000e+01 8.010000000000000453e-01
6.000000000000000000e+01 8.017499999999999627e-01
6.100000000000000000e+01 7.932500000000000107e-01
6.200000000000000000e+01 8.135000000000000009e-01
6.300000000000000000e+01 8.157499999999999751e-01
6.400000000000000000e+01 8.202500000000000346e-01
6.500000000000000000e+01 8.297499999999999876e-01
6.600000000000000000e+01 8.225000000000000089e-01
6.700000000000000000e+01 8.259999999999999565e-01
6.800000000000000000e+01 8.192500000000000338e-01
6.900000000000000000e+01 8.172500000000000320e-01
7.000000000000000000e+01 8.209999999999999520e-01
7.100000000000000000e+01 8.245000000000000107e-01
7.200000000000000000e+01 8.287499999999999867e-01
7.300000000000000000e+01 8.122500000000000275e-01
7.400000000000000000e+01 8.205000000000000071e-01
7.500000000000000000e+01 8.287499999999999867e-01
7.600000000000000000e+01 8.379999999999999671e-01
7.700000000000000000e+01 8.267499999999999849e-01
7.800000000000000000e+01 7.532499999999999751e-01
7.900000000000000000e+01 7.554999999999999494e-01
8.000000000000000000e+01 7.520000000000000018e-01
8.100000000000000000e+01 7.367500000000000160e-01
8.200000000000000000e+01 7.552499999999999769e-01
8.300000000000000000e+01 7.442499999999999671e-01
8.400000000000000000e+01 7.602499999999999813e-01
8.500000000000000000e+01 7.489999999999999991e-01
8.600000000000000000e+01 7.429999999999999938e-01
8.700000000000000000e+01 7.527500000000000302e-01
8.800000000000000000e+01 7.532499999999999751e-01
8.900000000000000000e+01 7.517500000000000293e-01
9.000000000000000000e+01 7.489999999999999991e-01
9.100000000000000000e+01 7.570000000000000062e-01
9.200000000000000000e+01 7.497500000000000275e-01
9.300000000000000000e+01 7.452499999999999680e-01
9.400000000000000000e+01 7.574999999999999512e-01
9.500000000000000000e+01 7.345000000000000417e-01
9.600000000000000000e+01 7.429999999999999938e-01
9.700000000000000000e+01 7.472499999999999698e-01
9.800000000000000000e+01 7.445000000000000506e-01
9.900000000000000000e+01 7.557500000000000329e-01
1.000000000000000000e+02 7.342499999999999583e-01
1.010000000000000000e+02 7.335000000000000409e-01
1.020000000000000000e+02 7.462499999999999689e-01
1.030000000000000000e+02 7.504999999999999449e-01
1.040000000000000000e+02 4.947500000000000231e-01
1.050000000000000000e+02 5.010000000000000009e-01
1.060000000000000000e+02 5.044999999999999485e-01
1.070000000000000000e+02 4.904999999999999916e-01
1.080000000000000000e+02 5.022499999999999742e-01
1.090000000000000000e+02 4.989999999999999991e-01
1.100000000000000000e+02 4.877500000000000169e-01
1.110000000000000000e+02 5.042499999999999760e-01
1.120000000000000000e+02 4.919999999999999929e-01
1.130000000000000000e+02 5.054999999999999494e-01
1.140000000000000000e+02 4.947500000000000231e-01
1.150000000000000000e+02 5.007500000000000284e-01
1.160000000000000000e+02 5.152499999999999858e-01
1.170000000000000000e+02 5.057500000000000329e-01
1.180000000000000000e+02 5.090000000000000080e-01
1.190000000000000000e+02 4.974999999999999978e-01
1.200000000000000000e+02 5.014999999999999458e-01
1.210000000000000000e+02 5.017500000000000293e-01
1.220000000000000000e+02 5.014999999999999458e-01
1.230000000000000000e+02 5.050000000000000044e-01
1.240000000000000000e+02 5.024999999999999467e-01
1.250000000000000000e+02 4.959999999999999964e-01
1.260000000000000000e+02 5.100000000000000089e-01
1.270000000000000000e+02 5.054999999999999494e-01
1.280000000000000000e+02 4.949999999999999956e-01
1.290000000000000000e+02 5.054999999999999494e-01
1.300000000000000000e+02 5.042499999999999760e-01
1.310000000000000000e+02 4.937500000000000222e-01
1.320000000000000000e+02 5.047500000000000320e-01
1.330000000000000000e+02 6.580000000000000293e-01
1.340000000000000000e+02 6.667499999999999538e-01
1.350000000000000000e+02 4.959999999999999964e-01
1.360000000000000000e+02 5.167500000000000426e-01
1.370000000000000000e+02 5.144999999999999574e-01
1.380000000000000000e+02 5.110000000000000098e-01
1.390000000000000000e+02 5.134999999999999565e-01
1.400000000000000000e+02 5.114999999999999547e-01
1.410000000000000000e+02 4.902500000000000191e-01
1.420000000000000000e+02 5.112499999999999822e-01
1.430000000000000000e+02 5.122499999999999831e-01
1.440000000000000000e+02 4.934999999999999942e-01
1.450000000000000000e+02 5.022499999999999742e-01
