1 0.7787734175630858
2 0.8360376677044583
3 0.8621871089806024
4 0.873872355108344
5 0.8793242912804983
6 0.8837554294457755
7 0.8860633901582025
8 0.8879032826139053
9 0.8891860052411324
10 0.8898137763150142
11 0.890799173697424
12 0.891477085655791
13 0.8914718055626502
14 0.8922926200418175
15 0.8919406738334864
16 0.8920716961447199
17 0.8923705614167035
18 0.8920499757615724
19 0.8917517105001732
20 0.8921652577951475
21 0.891726550056343
22 0.8917252700337633
23 0.8915521469798728
24 0.891208120911253
25 0.8910618183304755
26 0.8907761932920497
27 0.8908471945445118
28 0.8908822151622755
29 0.8907510928492777
30 0.8908680349121358
31 0.8904347872696474
32 0.8901916829812878
33 0.8897973560253603
34 0.8893204076119903
35 0.8891777450954235
36 0.8890478228035942
37 0.8890149422235808
38 0.889116804020423
39 0.8887024567113364
40 0.8886618759954927
41 0.888719437010869
42 0.8888732997250072
43 0.8887958183582358
44 0.8887512575721835
45 0.8887611577468227
46 0.8885008531550499
47 0.8884386720581752
48 0.8884653725291713
49 0.8882587688846831
50 0.8878909823969297
51 0.8877015990562073
52 0.8874705349802371
53 0.8874564147311558
54 0.8872102703891696
55 0.8868929647918988
56 0.8868360237874596
57 0.8868831446186712
58 0.8868940648113033
59 0.886792423018342
60 0.8866618207145175
61 0.8864429368534061
62 0.8862890941396205
63 0.886206892689587
64 0.8859823487286316
65 0.885945448077704
66 0.8858721267843165
67 0.8859243677058465
68 0.8858875470563301
69 0.8859164875668406
70 0.8856952836648037
71 0.885566561394143
72 0.8855445610060562
73 0.8853281171879872
74 0.8852228153304625
75 0.8850378720680632
76 0.885091153007939
77 0.8850284519018915
78 0.8848847293666261
79 0.8847438268811061
80 0.8846593853915582
81 0.8846421250870865
82 0.8844827422755737
83 0.8843721403245554
84 0.8843342396559876
85 0.8842082374333083
86 0.8842195776333496
87 0.8841907371246028
88 0.8841276360114992
89 0.884063874886753
90 0.8839602930595696
91 0.8838350108495914
92 0.8837100286449052
93 0.8835632260553076
94 0.8833461022252432
95 0.8832740209537296
96 0.8832100998261609
97 0.8830160964039406
98 0.8828528935250417
99 0.8828568335945447
100 0.8828060526987697
101 0.8826927306997695
102 0.8826446298512706
103 0.8825977090235873
104 0.8824992272863693
105 0.8825035473625755
106 0.8824277460254398
107 0.8824067256546405
108 0.8823795051744712
109 0.8824422462812244
110 0.882342284517899
111 0.8822120422204247
112 0.8821979619720492
113 0.8821122404599218
114 0.8820172987851506
115 0.8819344573238272
116 0.8818188552846074
117 0.8816511523263271
118 0.881577371024825
119 0.88149458956456
