1 0.8937922464952281
2 0.9472937702621073
3 0.9606008449989059
4 0.9660393609343269
5 0.9708666060869313
6 0.972625417112358
7 0.9743290271640391
8 0.9755697090496676
9 0.9765575864758254
10 0.9766130674545099
11 0.9778945100591575
12 0.9789581088210396
13 0.9799075455691039
14 0.9805170363205207
15 0.9794994583704457
16 0.9803928141292413
17 0.9801470697943111
18 0.9809074032065925
19 0.9814715731585506
20 0.9812000883695586
21 0.9817937388415531
22 0.9811090467635849
23 0.9819993224680483
24 0.9817628782971731
25 0.9827679360263916
26 0.9825592523452114
27 0.9825904528955891
28 0.9820281229760892
29 0.9818137191940065
30 0.9828609176665877
31 0.9829717796221924
32 0.982705234920344
33 0.9825925529326338
34 0.9829304588932948
35 0.9819757820527955
36 0.9832176639595922
37 0.9831053619785852
38 0.9823492886414515
39 0.9829405990721676
40 0.9829458991656613
41 0.9833150656777586
42 0.9831178621990893
43 0.9830450609148745
44 0.9826509739631808
45 0.9832241240735486
46 0.9836030507578155
47 0.9830419008591312
48 0.9832079437881283
49 0.9827407355465749
50 0.9832186039761741
51 0.9837868139993988
52 0.9835183092629753
53 0.9829667195329326
54 0.9834466079981651
55 0.9833697666426836
56 0.9832574846620294
57 0.9832712649051129
58 0.9834144674312054
59 0.9836828121648065
60 0.9838646753728736
61 0.9832991053962192
62 0.9833614064952105
63 0.9838224546280996
64 0.9833470662422485
65 0.9838291547462897
66 0.9840004777684278
67 0.9838904558276408
68 0.9837293129850812
69 0.9838308147755725
70 0.9836899922914641
71 0.9841304000602572
72 0.9840648389037583
73 0.9840830792255175
74 0.9837495933428266
75 0.9836854322110242
76 0.9840597988148511
77 0.9838351748524843
78 0.983888975801533
79 0.983719392810089
80 0.9843362236909858
81 0.9841996012809666
82 0.9838436150013685
83 0.9835890905115567
84 0.984077159121087
85 0.9845882881374026
86 0.9834120873892215
87 0.9840042778354612
88 0.9842121015014705
89 0.9837389731554864
90 0.9838976759550039
91 0.9837650536155459
92 0.9834055672742066
93 0.9836669118843255
94 0.9844451256120157
95 0.9837186127963297
96 0.9842603023517335
97 0.9837564134631335
98 0.9842206016514131
99 0.9843609041263488
100 0.9837298129939012
101 0.9843336036447682
102 0.984475046139814
103 0.9839509568948797
104 0.9839085561469304
105 0.9841844410135394
106 0.9839930376371839
107 0.9841074596555883
108 0.9841098796982777
109 0.9842855627973276
110 0.984123499938539
111 0.9839499768775921
112 0.9841859610403528
113 0.9842135415268727
114 0.984033178345266
115 0.9841510204240003
116 0.9844425855672093
117 0.9838979959606489
118 0.9839504168853537
119 0.9843848845493633
120 0.9839807374202081
121 0.9841529004571641
122 0.9843677842477141
123 0.9838956759197234
124 0.9842727025704733
125 0.9840260382193142
126 0.9840793191591898
127 0.9841772408865294
128 0.9842192416274224
129 0.9840170580609041
130 0.9845187469106955
131 0.9843555440317968
132 0.9839071961229395
133 0.984028538263415
134 0.9843720643232146
135 0.9842402619982218
136 0.9842025213324762
137 0.9840565387573437
138 0.9846422690896268
139 0.9842684624956785
140 0.984160540591936
141 0.98418822108022
142 0.9843616641397556
143 0.9841737408247881
144 0.9842719825577723
145 0.9844697260459675
146 0.9840830192244592
147 0.9844217852002909
148 0.9845134668175547
149 0.9842106214753629
150 0.9842409020095114
151 0.9836626718095307
152 0.9840798991694214
153 0.984746170922455
154 0.9842482621393441
155 0.9846300488740622
156 0.9842834627602831
157 0.9842302818221713
158 0.9843133832880813
159 0.9838700154670726
160 0.9842010413063685
161 0.9844305253544672
162 0.9842023613296538
163 0.9842068414086825
164 0.9843497439294829
165 0.9841556805062041
166 0.9843444838366951
167 0.9844908664188835
168 0.9841803409412141
169 0.9842584023182169
170 0.9841701207609301
171 0.9847695313345327
172 0.9845245070123037
173 0.9842035013497639
174 0.9846639494720687
175 0.9842210616595277
176 0.9847182704302904
177 0.984210921480655
178 0.9842938629437423
179 0.9844272052959014
180 0.9844136050559931
181 0.984196141219931
182 0.984442425564387
183 0.9844549457852437
184 0.9845570675866722
185 0.9844212051900596
186 0.9844867063454998
187 0.9844518257302061
188 0.9843487239114898
189 0.9843239834750686
190 0.9845264070458203
191 0.9844886863804277
192 0.9844755461486341
193 0.9843236234687179
194 0.9844162651029165
195 0.9843755243842501
196 0.9845281270761617
197 0.9844566058145267
198 0.9844694460410282
199 0.9842871028244938
